%YAML:1.0
---
calibration_time: "Tue 26 Sep 2023 12:25:31 PM CEST"
nframes: 10
image_width: 2560
image_height: 1472
board_width: 6
board_height: 9
square_size: 1.
flags: 128
camera_matrix: !!opencv-matrix
   rows: 3
   cols: 3
   dt: d
   data: [ 1.8480308881897133e+03, 0., 1.3730893743585550e+03, 0.,
       1.8476137008909700e+03, 7.1959266823304347e+02, 0., 0., 1. ]
distortion_coefficients: !!opencv-matrix
   rows: 5
   cols: 1
   dt: d
   data: [ 6.0024235110267887e-02, -2.9463805456534226e-01,
       -9.3945897756974595e-03, 2.8825165101293297e-03, 0. ]
avg_reprojection_error: 5.8489282452652158e-01
per_view_reprojection_errors: !!opencv-matrix
   rows: 10
   cols: 1
   dt: f
   data: [ 6.66070640e-01, 5.26517868e-01, 4.84706908e-01,
       5.09844840e-01, 7.09558129e-01, 7.81508684e-01, 5.48901975e-01,
       5.01149952e-01, 4.91273850e-01, 5.45178175e-01 ]
extrinsic_parameters: !!opencv-matrix
   rows: 10
   cols: 6
   dt: d
   data: [ 2.9127482667636001e-01, 6.3440959208526115e-01,
       -2.8690180402001748e+00, 8.0863359904676346e-01,
       2.5649933155301907e+00, 1.9642649463572617e+01,
       -2.4235736036033154e-01, 4.1926282247240015e-01,
       -2.8468993889544545e+00, 3.9421852975019356e-01,
       2.4366049114016537e+00, 1.9418376452255316e+01,
       -2.7946650338106049e-01, 3.9777689316303710e-01,
       -2.8479311935362772e+00, 4.2585674912719124e-01,
       2.5067012227698031e+00, 1.9293480643230712e+01,
       -9.2037511825514839e-02, 4.8274268125661079e-01,
       -2.8778385119173397e+00, 4.7945947600020228e-01,
       2.4915293088200534e+00, 1.9278407792845798e+01,
       4.3285719432337205e-01, 6.5152677551299099e-01,
       -2.9513051732466788e+00, 6.1607823649053051e-01,
       2.3870523662345389e+00, 1.9380865130018787e+01,
       3.1956690164007928e-01, 6.2724969408336329e-01,
       -2.9330301064255213e+00, 9.3520821855975178e-01,
       2.4809480337384118e+00, 1.9186115353152527e+01,
       9.8297990579237049e-02, 5.7846216681384788e-01,
       -2.8937007211256196e+00, 7.4746986985004404e-01,
       2.5406577570143565e+00, 1.8955647666753450e+01,
       -7.6278150208909906e-02, 5.0227171085621813e-01,
       -2.8799271274480129e+00, 7.4811726582678395e-01,
       2.6063173632245737e+00, 1.8841783660380557e+01,
       -1.7610805448180597e-01, 4.5925570537584209e-01,
       -2.8774603833446841e+00, 7.8265937024475052e-01,
       2.6222853760923055e+00, 1.8690755393049709e+01,
       -3.5541038481148077e-02, 4.7688598893944950e-01,
       -2.9227878093857371e+00, 7.4466266895241806e-01,
       2.5389736440773056e+00, 1.8787820086283951e+01 ]
image_points: !!opencv-matrix
   rows: 10
   cols: 54
   dt: "2f"
   data: [ 1.44921985e+03, 9.59530762e+02, 1.35912573e+03,
       9.51167419e+02, 1.26613147e+03, 9.40629150e+02, 1.17059937e+03,
       9.28972961e+02, 1.07285718e+03, 9.16133667e+02, 9.72811707e+02,
       9.03652588e+02, 1.47192908e+03, 8.79367615e+02, 1.38016296e+03,
       8.68542053e+02, 1.28545618e+03, 8.56855347e+02, 1.18839221e+03,
       8.43891113e+02, 1.08878308e+03, 8.30815247e+02, 9.86744141e+02,
       8.18189880e+02, 1.49621301e+03, 7.95648193e+02, 1.40229224e+03,
       7.82701660e+02, 1.30591907e+03, 7.69873718e+02, 1.20702869e+03,
       7.55873596e+02, 1.10549951e+03, 7.41987793e+02, 1.00143738e+03,
       7.26545837e+02, 1.52134192e+03, 7.07882629e+02, 1.42572180e+03,
       6.94085449e+02, 1.32738110e+03, 6.79275269e+02, 1.22656628e+03,
       6.64201355e+02, 1.12289465e+03, 6.48433899e+02, 1.01656708e+03,
       6.31472961e+02, 1.54860022e+03, 6.17367249e+02, 1.45073413e+03,
       6.01240417e+02, 1.35023950e+03, 5.84908508e+02, 1.24718042e+03,
       5.68016296e+02, 1.14121484e+03, 5.50380371e+02, 1.03258789e+03,
       5.32795288e+02, 1.57663855e+03, 5.21744812e+02, 1.47665955e+03,
       5.04041229e+02, 1.37396423e+03, 4.85987885e+02, 1.26870813e+03,
       4.67294830e+02, 1.16041467e+03, 4.47857483e+02, 1.04898462e+03,
       4.27777893e+02, 1.60575000e+03, 4.20265747e+02, 1.50373877e+03,
       4.00857422e+02, 1.39879919e+03, 3.80785645e+02, 1.29145667e+03,
       3.60469055e+02, 1.18045300e+03, 3.39253174e+02, 1.06674463e+03,
       3.17854828e+02, 1.63598242e+03, 3.13378326e+02, 1.53181055e+03,
       2.92207733e+02, 1.42507837e+03, 2.70254852e+02, 1.31519067e+03,
       2.48025650e+02, 1.20186218e+03, 2.24613647e+02, 1.08545300e+03,
       2.01523071e+02, 1.66721936e+03, 2.01231705e+02, 1.56137708e+03,
       1.78056091e+02, 1.45237317e+03, 1.54365250e+02, 1.34043164e+03,
       1.29752670e+02, 1.22417224e+03, 1.04194893e+02, 1.10528259e+03,
       7.81698685e+01, 1.41055603e+03, 9.50542114e+02, 1.31957349e+03,
       9.24807007e+02, 1.23015918e+03, 8.98100647e+02, 1.14235486e+03,
       8.71136597e+02, 1.05613953e+03, 8.44121948e+02, 9.70672119e+02,
       8.17682861e+02, 1.43270764e+03, 8.65047668e+02, 1.34068530e+03,
       8.38531738e+02, 1.24988696e+03, 8.11939392e+02, 1.16057556e+03,
       7.85332214e+02, 1.07232678e+03, 7.58910889e+02, 9.84556335e+02,
       7.33276123e+02, 1.45568201e+03, 7.76452576e+02, 1.36234021e+03,
       7.49605347e+02, 1.26975891e+03, 7.23428772e+02, 1.17875745e+03,
       6.97003845e+02, 1.08851001e+03, 6.71117065e+02, 1.00009448e+03,
       6.45012207e+02, 1.47962793e+03, 6.84599976e+02, 1.38432495e+03,
       6.58317810e+02, 1.29029810e+03, 6.31810181e+02, 1.19727661e+03,
       6.05782043e+02, 1.10540381e+03, 5.79963684e+02, 1.01552795e+03,
       5.53915527e+02, 1.50393152e+03, 5.90148438e+02, 1.40696875e+03,
       5.63562927e+02, 1.31090466e+03, 5.37289673e+02, 1.21641187e+03,
       5.11335022e+02, 1.12278723e+03, 4.85397339e+02, 1.03051831e+03,
       4.60220917e+02, 1.52950012e+03, 4.91964691e+02, 1.43045862e+03,
       4.65563721e+02, 1.33258679e+03, 4.39429535e+02, 1.23611572e+03,
       4.13514404e+02, 1.14066724e+03, 3.87960907e+02, 1.04674866e+03,
       3.62655548e+02, 1.55637720e+03, 3.89293274e+02, 1.45533459e+03,
       3.63137634e+02, 1.35537134e+03, 3.37221893e+02, 1.25686182e+03,
       3.11696472e+02, 1.15934924e+03, 2.86412354e+02, 1.06328040e+03,
       2.61491425e+02, 1.58444446e+03, 2.82677490e+02, 1.48098254e+03,
       2.56767212e+02, 1.37935486e+03, 2.31302933e+02, 1.27836914e+03,
       2.05855560e+02, 1.17917407e+03, 1.80821930e+02, 1.08024280e+03,
       1.56218765e+02, 1.61336523e+03, 1.72430023e+02, 1.50806567e+03,
       1.46789490e+02, 1.40376367e+03, 1.21421761e+02, 1.30114563e+03,
       9.65134125e+01, 1.19962463e+03, 7.18231888e+01, 1.09994482e+03,
       4.77462082e+01, 1.41446362e+03, 9.58194336e+02, 1.32311609e+03,
       9.31991211e+02, 1.23372449e+03, 9.04788330e+02, 1.14621875e+03,
       8.77543640e+02, 1.06047278e+03, 8.50266602e+02, 9.75848877e+02,
       8.23663208e+02, 1.43628064e+03, 8.72020142e+02, 1.34382397e+03,
       8.45248413e+02, 1.25299658e+03, 8.18356812e+02, 1.16414868e+03,
       7.91375061e+02, 1.07636621e+03, 7.64876221e+02, 9.89450562e+02,
       7.39030884e+02, 1.45871301e+03, 7.82789246e+02, 1.36520862e+03,
       7.55752136e+02, 1.27262036e+03, 7.29320007e+02, 1.18199048e+03,
       7.02719177e+02, 1.09232092e+03, 6.76670654e+02, 1.00484436e+03,
       6.50627991e+02, 1.48233643e+03, 6.90399414e+02, 1.38674512e+03,
       6.63812134e+02, 1.29269336e+03, 6.37355530e+02, 1.20028088e+03,
       6.11204102e+02, 1.10915588e+03, 5.85367676e+02, 1.02025446e+03,
       5.59496399e+02, 1.50625378e+03, 5.95200378e+02, 1.40906042e+03,
       5.68558228e+02, 1.31321399e+03, 5.42258972e+02, 1.21910217e+03,
       5.16393677e+02, 1.12638635e+03, 4.90665802e+02, 1.03505164e+03,
       4.65608490e+02, 1.53136646e+03, 4.96312805e+02, 1.43217578e+03,
       4.69924103e+02, 1.33448718e+03, 4.44014709e+02, 1.23853809e+03,
       4.18383362e+02, 1.14415393e+03, 3.93235504e+02, 1.05150037e+03,
       3.68328613e+02, 1.55783582e+03, 3.92751099e+02, 1.45665894e+03,
       3.66941315e+02, 1.35705725e+03, 3.41423462e+02, 1.25924536e+03,
       3.16508331e+02, 1.16263525e+03, 2.91526489e+02, 1.06804211e+03,
